20 127
6 18
7 17
4 9
3 13
5 10
8 9
0 5
5 19
8 18
9 17
11 14
13 17
1 15
6 11
7 10
7 19
3 6
12 18
3 15
5 12
8 11
14 15
9 10
0 7
2 4
9 19
11 16
13 19
7 12
5 14
9 12
0 9
1 10
15 18
3 10
0 2
5 16
4 18
9 14
10 15
13 14
1 12
7 16
4 11
9 16
1 5
10 17
13 16
2 13
3 5
12 17
5 11
4 13
8 13
1 7
2 6
10 19
13 18
0 18
11 18
7 11
6 15
3 7
4 6
12 19
5 13
4 15
0 11
2 8
1 18
2 17
6 8
6 17
3 9
5 6
3 18
14 18
1 2
10 14
1 11
0 13
2 10
2 19
6 19
12 14
3 11
4 10
8 10
0 6
2 3
10 16
1 13
0 15
2 12
12 16
4 12
8 12
1 6
9 11
2 5
10 18
15 17
6 14
7 13
4 5
5 15
10 11
9 13
0 10
2 7
11 19
2 16
6 7
15 19
6 16
16 18
7 15
4 7
5 8
5 17
9 15
11 12
2 9
2 18
13 15
6 9
7 8
4
1 1 3 1 1 2 0 2 1 2 0 3 0 0 1 3 1 1 2 1