100 1223
35 88
13 97
28 58
17 58
28 67
29 32
47 80
55 93
29 41
0 5
36 89
77 90
17 85
11 14
40 50
77 99
28 94
69 95
80 95
58 95
9 99
21 64
10 27
6 75
41 42
42 96
10 36
33 38
81 87
10 45
33 47
62 83
25 43
39 90
33 56
73 92
20 86
2 50
31 95
14 24
25 61
74 75
23 91
2 68
66 71
24 65
35 65
4 96
66 80
43 78
24 74
1 81
7 12
96 99
47 57
7 21
1 99
47 66
55 79
28 62
5 60
9 67
6 43
6 52
58 90
9 85
50 86
58 99
42 91
62 69
30 98
54 65
0 94
39 85
31 81
73 96
31 90
43 55
3 19
2 54
13 51
31 99
24 60
51 86
24 78
16 74
28 39
65 88
7 16
55 65
5 46
76 97
59 63
57 93
46 93
5 64
6 29
28 66
38 98
28 75
58 85
6 47
80 85
69 94
80 94
27 88
6 65
42 86
30 84
27 97
8 93
54 60
33 37
81 86
20 67
0 98
62 82
10 44
31 76
20 76
39 89
51 54
4 74
31 85
84 88
22 27
13 46
24 46
3 23
43 59
14 23
87 93
95 97
14 32
66 70
23 99
32 68
4 95
35 82
1 80
16 78
57 79
36 56
17 52
38 84
68 97
46 97
38 93
5 68
58 80
40 44
29 44
18 96
58 89
8 70
50 85
21 49
2 17
10 30
11 84
0 84
2 26
39 75
12 58
31 71
32 36
12 67
31 80
43 45
3 9
54 82
32 54
43 54
12 85
53 86
51 67
32 63
12 54
87 97
53 95
16 55
24 68
65 69
28 29
37 96
36 42
16 73
57 74
1 84
65 87
5 36
36 51
68 83
5 54
26 86
5 63
9 61
61 62
21 26
49 97
18 91
21 35
27 69
42 67
80 93
2 3
27 87
10 16
8 83
83 86
30 92
54 59
31 57
83 95
23 53
94 95
20 66
0 97
12 62
41 98
72 76
23 71
24 36
32 49
35 45
64 81
43 58
72 94
34 77
24 54
87 92
16 50
56 86
64 99
1 61
45 95
46 60
56 95
65 73
36 37
16 59
17 33
9 20
3 47
76 82
17 42
5 40
26 72
38 74
5 49
15 72
9 47
26 81
46 96
68 96
26 90
49 92
27 55
8 51
26 99
61 66
18 95
61 75
0 56
50 75
8 69
31 34
61 84
39 47
42 71
30 78
31 43
23 39
12 39
60 88
20 52
39 65
23 48
94 99
60 97
11 92
52 93
16 18
23 66
53 67
12 66
53 76
13 40
84 91
43 53
24 49
22 79
1 56
87 96
53 94
46 55
65 68
9 15
49 51
65 77
37 95
38 60
46 73
5 35
14 93
49 69
26 76
7 72
50 52
27 50
18 81
42 48
15 94
27 59
79 88
42 57
33 86
63 89
18 99
30 64
7 99
20 29
11 60
23 25
19 73
42 75
23 34
8 82
83 85
60 83
0 78
19 82
12 43
31 56
4 39
11 87
44 84
41 97
24 26
13 26
10 91
16 22
44 93
32 39
1 24
4 66
56 67
13 44
35 44
64 80
34 85
3 79
46 59
17 23
14 88
26 53
57 77
26 71
15 71
8 32
49 82
27 45
18 76
71 79
90 92
27 54
19 50
8 50
11 46
42 61
19 59
48 95
40 91
20 33
6 98
23 29
12 29
60 78
23 38
41 74
60 87
31 51
12 47
1 10
83 98
52 92
13 21
23 56
4 52
75 94
1 28
53 66
64 66
16 26
22 60
34 62
72 79
2 91
1 37
64 84
37 76
38 41
3 74
5 16
14 83
49 50
15 48
5 25
26 48
3 92
26 57
37 94
49 59
7 53
18 62
19 27
7 62
7 71
30 36
8 36
27 49
0 32
63 70
18 89
29 86
30 63
29 95
23 24
63 97
60 73
52 69
12 33
23 33
23 42
60 91
44 74
33 83
52 96
24 25
74 93
1 32
56 66
3 60
15 34
56 84
3 78
67 81
78 81
59 77
67 90
18 48
14 96
26 61
8 13
70 86
70 95
18 57
26 70
27 35
0 18
11 18
30 31
59 95
28 98
63 65
7 75
48 76
30 40
27 53
11 27
6 79
0 45
30 58
20 23
82 96
29 90
12 19
21 77
33 51
52 64
23 28
33 60
25 56
33 69
4 33
52 82
25 65
41 82
2 63
1 18
10 85
45 52
2 81
3 46
44 96
53 65
51 95
85 97
14 55
15 20
74 97
2 99
14 64
37 66
14 73
15 38
7 34
18 43
55 92
8 17
17 84
27 30
36 97
11 13
27 39
0 22
30 35
9 89
63 69
8 44
6 74
29 76
41 50
44 46
12 23
81 95
4 19
41 77
1 4
33 73
33 82
3 41
22 54
74 92
22 63
56 65
13 91
7 20
67 71
15 42
78 80
47 74
36 74
18 38
7 38
26 51
70 85
7 47
55 96
17 79
0 8
18 56
9 75
8 21
5 86
19 30
5 95
71 77
48 75
29 71
63 73
40 71
29 80
40 80
41 45
21 76
29 89
41 54
25 37
10 48
14 56
73 95
20 98
25 64
10 75
22 40
3 27
25 73
3 36
14 27
22 49
2 80
51 94
13 77
35 86
24 86
3 63
16 82
35 95
18 24
24 95
67 84
47 78
28 74
77 88
29 48
77 97
17 92
50 98
61 98
29 75
25 32
4 9
81 94
2 39
39 88
25 50
2 48
39 97
3 13
66 69
12 98
23 98
37 42
3 40
74 91
3 49
32 85
36 46
66 96
35 90
55 68
35 99
18 28
59 66
55 77
17 60
59 75
18 37
36 73
77 83
9 65
17 78
40 43
0 7
77 92
5 76
17 87
28 87
5 94
92 99
15 46
9 92
10 20
29 70
6 68
21 66
73 76
39 83
73 85
44 49
25 45
54 81
10 56
62 94
39 92
2 52
14 17
51 66
12 84
2 61
3 26
51 75
24 58
22 39
43 71
14 44
51 93
35 76
43 89
15 18
24 85
35 85
17 46
13 94
24 94
47 59
28 46
36 59
9 51
28 64
47 77
49 96
21 25
40 47
29 56
6 54
69 92
40 56
6 63
10 24
8 91
20 65
62 80
51 52
2 56
20 92
43 57
13 53
35 53
4 84
14 30
24 62
4 93
35 71
1 69
43 84
13 71
35 80
76 81
36 54
9 37
76 90
88 92
68 86
16 94
68 95
58 60
49 91
15 98
50 65
77 91
50 74
29 51
21 47
58 96
6 58
69 96
27 90
19 86
27 99
62 66
0 82
8 95
2 24
10 28
73 75
39 73
22 98
54 71
31 69
12 65
2 42
3 7
39 91
23 74
24 39
35 48
31 96
4 79
51 74
87 95
12 92
1 55
13 57
17 18
43 79
34 98
17 27
45 98
9 23
17 36
46 72
9 32
46 81
68 81
36 58
76 94
47 58
28 54
5 52
68 90
38 86
49 86
17 54
9 50
46 90
9 59
50 60
49 95
29 37
7 89
77 86
42 65
21 42
8 72
42 83
27 94
11 77
0 77
19 90
31 55
83 93
10 23
11 86
8 99
20 64
11 95
13 25
31 73
13 34
12 78
24 43
23 78
43 56
16 39
12 87
1 50
72 92
32 65
16 48
45 84
13 61
1 59
23 87
34 93
64 97
45 93
57 67
17 31
3 96
65 80
17 40
57 76
28 40
68 85
5 47
17 49
15 79
49 90
15 88
26 88
42 51
15 97
50 64
26 97
7 93
18 93
27 71
8 67
42 69
0 63
30 76
27 89
0 72
19 85
31 50
30 85
0 81
12 46
75 84
8 85
13 20
54 70
0 99
13 52
32 42
16 25
35 38
16 34
35 47
45 79
34 79
13 56
46 53
65 66
9 13
37 84
57 62
28 35
5 33
68 71
6 7
49 76
7 70
49 85
27 48
6 25
26 92
79 95
8 53
61 68
7 97
30 62
20 27
63 96
0 58
42 73
20 36
27 84
8 71
11 76
12 41
54 56
83 92
60 99
13 24
33 91
24 33
64 69
32 46
16 29
16 38
45 74
46 48
1 58
5 10
45 92
14 86
9 17
49 53
65 70
76 79
26 60
14 95
49 71
27 34
57 84
26 69
49 80
79 81
85 98
15 87
49 89
18 83
42 50
71 86
27 61
61 63
8 48
8 57
42 59
48 93
71 95
18 92
26 96
27 70
30 75
8 75
19 75
0 71
12 36
20 40
83 87
23 45
75 83
83 96
52 81
94 96
20 58
13 19
44 77
1 8
41 90
41 99
53 64
25 82
44 95
34 60
35 43
56 60
13 28
16 33
1 44
56 78
45 78
14 72
37 74
56 87
22 85
34 87
14 81
86 88
22 94
46 61
45 96
37 92
89 93
15 55
56 96
7 51
14 99
26 64
14 90
18 60
26 73
49 75
38 75
15 82
0 30
19 43
90 94
0 48
19 61
8 61
0 57
63 95
19 70
60 71
20 35
0 66
11 66
31 44
4 27
52 76
12 49
1 21
4 54
16 19
25 86
53 68
1 30
45 64
56 64
14 76
67 79
38 43
3 85
9 16
38 52
57 65
67 88
46 65
67 97
26 59
26 50
18 55
7 55
49 70
27 33
36 91
18 64
7 64
28 96
11 25
18 73
48 74
79 89
0 34
7 82
30 47
90 98
11 43
63 81
82 94
8 56
40 88
52 53
0 52
60 66
6 95
12 26
52 62
21 93
40 97
29 97
41 71
33 67
41 80
33 76
34 41
41 89
25 72
13 18
2 70
93 99
25 81
1 25
64 72
14 53
2 88
22 66
34 68
2 97
14 62
32 98
45 68
26 27
14 71
22 84
15 45
78 83
18 41
15 54
78 92
7 50
8 15
27 28
19 24
8 24
27 37
29 65
0 29
9 96
19 51
40 83
63 85
60 61
40 92
41 57
52 57
60 70
29 92
23 30
10 60
44 62
33 62
75 77
4 35
10 69
34 36
22 43
33 89
45 54
25 85
66 86
10 96
56 63
85 99
45 63
66 95
14 57
37 68
3 66
24 98
13 98
14 75
38 42
18 27
3 75
7 36
59 74
67 87
36 72
55 85
7 45
36 81
70 74
28 77
70 92
17 86
27 32
47 99
28 95
17 95
71 75
6 67
40 69
11 33
29 69
11 42
0 42
6 76
12 16
40 96
6 94
25 44
21 92
10 55
29 96
52 70
41 70
41 61
22 29
10 73
74 76
25 71
14 34
74 85
34 49
2 78
14 43
56 58
2 87
66 90
43 88
37 54
13 84
66 99
24 93
59 60
35 93
15 35
18 22
7 22
15 44
78 82
26 44
16 98
70 78
67 82
0 10
77 95
0 19
40 55
9 86
11 19
29 64
40 64
9 95
21 60
48 77
63 75
29 82
25 30
10 41
62 79
52 56
81 92
44 52
52 65
33 61
3 29
66 67
74 80
12 96
2 73
43 74
51 87
66 85
51 96
24 79
32 92
3
0 0 0 2 2 2 2 1 1 1 1 2 2 0 1 0 0 2 1 1 2 2 2 0 2 1 1 0 2 1 2 1 2 1 2 1 0 2 2 1 1 0 1 0 2 2 1 0 2 1 2 2 1 2 1 2 2 2 1 2 0 2 0 1 0 0 1 0 1 2 2 2 2 2 1 0 0 1 1 1 2 2 2 2 1 0 0 1 2 2 2 2 0 0 1 0 0 2 1 2